x=[[1:5]',ones(5,1)];y=[11 12 13 15 16]';z=x\y
y0=[11 12 13 15 16]'; y=y0(3:5);x=[y0(2:4),y0(1:3),ones(3,1)]; z=x\y
y0=[11 16 25 12 12 18 26 14 13 20 27 15 15 24 30 15 16 25 32 17]'; y=y0(9:20);
x=[y0(5:16),y0(1:12),ones(12,1)];
z=x\y